FSR_1: 318.0\118.6423195997111
FSR_2: 364.0\66.33249580710793
FSR_3: 368.0\64.0
FSR_4: 323.2\122.02032617560074
FSR_5: 356.0\36.4417343165772
FSR_6: 307.19999999999993\139.99771426705502
FSR_7: 423.0\43.16248370981447
FSR_8: 428.57142857142856\32.526284504589036